[10324 10447]
[10332 10462]
[10462 10462]
[10498 10462]
[10555 10462]
[10575 10462]
[10646 10462]
[10694 10462]
[10736 10462]
[10768 10462]
[10785 10462]
[10808 10462]
[11135 10462]
[11177 10462]
[11183 10498]
[11199 10498]
[11240 10498]
[11342 10498]
[11389 10498]
[11391 10765]
[11521 10804]
[11573 10878]
[11614 10919]
[11683 11103]
[11743 11178]
[11814 11180]
[11947 11211]
[11979 11730]
[12287 12290]
[12386 12537]
[12409 12652]
[12772 12844]
[12911 12944]
[13017 13036]
[13095 13411]
[13134 13496]
[13177 13535]
[13380 13558]
[13392 13695]
[13420 13764]
[13427 14155]
[13623 14532]
[13853 14663]
[14000 14847]
[14014 14847]
[14028 14847]
[14061 14847]
[14394 14847]
[14542 14847]
[14550 14847]
[14590 14847]
[14615 14847]
[14619 14847]
[14762 14847]
[14847 14847]
[14944 14847]
[15062 14847]
[15083 14847]
[15208 14847]
[15337 14847]
[15533 14847]
[15661 14847]
[15752 14847]
[15779 14871]
[15797 15026]
[16489 15151]
[16519 15211]
[16538 15819]
[16585 15906]
[16698 16178]
[16701 16182]
[16790 16248]
[16969 16252]
[17095 16536]
[17256 16614]
[17278 16621]
[17450 16700]
[17465 16894]
[17554 17053]
[17564 17106]
[17655 17155]
[17684 17181]
[17705 17335]
[17735 17388]
[17804 17435]
[17869 18415]
[17925 18694]
[18065 18979]
[18076 19412]
[18388 19486]
[18701 19540]
[18793 19627]
[18912 19909]
[18934 20194]
[19209 20316]
[19290 20355]
[19291 20417]
[19336 20728]
[19402 20769]
[19579 20916]
[19693 20997]
[19845 21172]
[19847 21179]
[19858 21331]
[20032 21349]
[20049 21496]
[20158 21717]
[20161 21717]
[20209 21717]
[20248 21717]
[20358 21717]
[20555 21717]
[20690 21717]
[20695 21717]
[20868 21717]
[20938 21717]
[20948 21717]
[20953 21717]
[20999 21977]
[21111 22082]
[21201 22122]
[21252 22236]
[21269 22350]
[21324 22361]
[21596 22726]
[21633 22768]
[21694 23350]
[21703 23423]
[21717 23436]
[21731 23462]
[22009 23760]
[22049 23771]
[22114 23808]
[22212 24099]
[22313 24099]
[22511 24099]
[22720 24099]
[22845 24099]
[23010 24099]
[23094 24099]
[23102 24099]
[23140 24099]
[23158 24099]
[23327 24099]
[23354 24099]
[23406 24099]
[23664 24099]
[23830 24099]
[23909 24099]
[23981 24099]
[24080 24099]
[24097 24099]
[24099 24164]
[24148 24217]
[24289 24220]
[24403 24259]
[24733 24421]
[24790 24597]
[24851 24612]
[24893 24644]
[25107 24810]
[25198 24878]
[25279 24883]
[25528 25354]
[25576 25395]
[25607 25545]
[25665 25547]
[25671 25624]
[25793 25999]
[26144 26128]
[26269 26197]
[26465 26218]
[26545 26556]
[26780 26569]
[26832 26802]
[26973 27027]
[27128 27299]
[27207 27344]
[27245 27451]
[27291 27647]
[27363 27647]
[27522 27647]
[27573 27647]
[27625 27647]
[27647 27647]
[27794 27647]
[27862 27647]
[28109 27647]
[28422 27647]
[28453 27647]
[28547 27647]
[28580 27647]
[28632 27647]
[28649 27647]
[28688 27647]
[28783 27647]
[28959 27656]
[28961 27789]
[29116 28046]
[29191 28071]
[29227 28165]
[29266 28536]
[29437 28574]
[29528 28607]
[29606 28724]
[29630 28735]
[29743 28741]
[29765 28783]
[29820 28783]
[29826 28783]
[29845 28783]
[29984 28783]
[30057 28783]
[30142 28783]
[30187 28783]
[30219 28783]
[30341 28783]
[30367 28783]
[30414 28783]
[30551 28783]
[30614 28783]
[30626 28783]
[30786 28783]
[30841 28783]
[31030 28783]
[31137 28888]
[31209 28959]
[31221 28959]
[31254 28959]
[31433 28959]
[31594 28959]
[31711 28959]
[31807 28959]
[31829 28959]
[32021 28959]
[32160 28959]
[32338 28959]
[32343 28959]
[32387 28959]
[32514 28959]
[32659 28959]
[32692 28959]
[32803 29067]
[32923 29149]
[33070 29209]
[33130 29246]
[33156 29466]
[33250 29570]
[33310 29800]
[33340 29964]
[33461 29995]
[33474 30193]
[33599 30299]
[33674 30341]
[33813 30341]
[34035 30341]
[34054 30341]
[34094 30341]
[34297 30341]
[34325 30341]
[34385 30341]
[34466 30379]
[34578 30625]
[34749 30637]
[34756 30796]
[34930 30818]
[35033 31157]
[35040 31422]
[35162 31758]
[35194 31986]
[35314 32012]
[35395 32408]
[35398 32602]
[35529 32813]
[36024 32897]
[36117 32922]
[36125 32948]
[36190 33084]
[36391 33161]
[36393 33173]
[36399 33345]
[36449 33562]
[36459 33683]
[36595 34143]
[36644 35233]
[36657 35253]
[36776 35388]
[36787 35394]
[36898 35508]
[36965 36073]
[37186 36229]
[37348 36391]
[37724 36534]
[37728 36682]
[37879 36704]
[37931 36841]
[38054 36917]
[38204 36949]
[38282 36965]
[38285 36965]
[38382 36965]
[38499 36965]
[38779 36965]
[38835 36965]
[38910 36965]
[39325 36965]
[39656 36965]
[39672 36965]
[39903 36965]
[40198 36965]
[40255 36965]
[40481 36965]
[40661 36965]
[40714 36965]
[40715 36965]
[40769 36965]
[40805 36965]
[41092 36965]
[41116 37207]
[41212 37215]
[41559 37548]
[41710 37550]
[41721 38025]
[41729 38120]
[41737 38375]
[41769 38778]
[41886 38816]
[41987 38917]
[42092 39540]
[42129 39602]
[42204 39750]
[42256 39802]
[42308 39903]
[42390 39903]
[42451 39903]
[42482 39903]
[42485 39903]
[42499 39903]
[42652 39903]
[42766 39903]
[42861 39903]
[43005 40340]
[43147 40360]
[43417 40543]
[43464 40819]
[43473 40884]
[43507 41074]
[43539 41092]
[43561 41092]
[43665 41092]
[43730 41092]
[43905 41092]
[43952 41146]
[43970 41239]
[44127 41401]
[44191 41411]
[44194 41559]
[44206 41559]
[44236 41559]
[44383 41559]
[44403 41559]
[44435 41559]
[44555 41559]
[44580 41559]
[44919 41559]
[44931 41624]
[44961 42025]
[45040 42039]
[45078 42055]
[45103 42160]
[45117 42577]
[45176 42669]
[45178 42754]
[45316 42766]
[45322 42766]
[45464 42766]
[45480 42766]
[45532 42766]
[45688 42787]
[45890 42858]
[46092 43013]
[46123 43063]
[46170 43149]
[46171 43190]
[46194 43197]
[46457 43285]
[46608 43331]
[46633 43506]
[46742 43588]
[46770 43783]
[46780 44240]
[47181 44289]
[47194 44428]
[47356 44436]
[47397 44486]
[47425 44743]
[47431 44782]
[47650 45166]
[47712 45407]
[48036 45435]
[48188 45538]
[48326 45548]
[48378 45554]
[48396 45825]
[48453 45848]
[48509 45960]
[48811 46665]
[48823 46709]
[48917 47299]
[48923 47613]
[49017 47645]
[49059 47799]
[49296 47847]
[49362 47936]
[49374 47985]
[49411 48073]
[49453 48109]
[49506 48185]
[49513 48453]
[49645 48453]
[49680 48453]
[49682 48511]
[49904 48551]
[50040 49278]
[50117 49477]
[50253 49777]
[50267 49788]
[50406 49933]
[50602 49971]
[50683 49997]
[50707 50127]
[50826 50599]
[51171 50654]
[51207 50844]
[51255 50940]
[51370 51193]
[51403 51436]
[51436 51470]
[51449 51775]
[51638 51809]
[51677 51895]
[51718 51969]
[51750 52051]
[51804 52051]
[51948 52051]
[52051 52051]
[52054 52051]
[52091 52051]
[52149 52051]
[52152 52051]
[52174 52051]
[52487 52084]
[52585 52154]
[52680 52368]
[52788 52973]
[52804 52976]
[52902 52977]
[53043 53238]
[53053 53360]
[53210 53377]
[53290 53578]
[53305 53641]
[53399 53718]
[53412 53815]
[53542 54135]
[53605 54174]
[53798 54802]
[53805 54805]
[53844 54807]
[54060 54939]
[54128 55063]
[54133 55327]
[54171 55973]
[54172 55995]
[54287 56137]
[54398 56412]
[54586 56580]
[54603 56589]
[54698 56882]
[54720 56887]
[54741 56887]
[54787 56887]
[54903 56887]
[54911 56887]
[54943 56887]
[54988 56887]
[54994 56887]
[55160 56887]
[55179 56887]
[55288 56887]
[55296 56887]
[55334 56887]
[55345 56887]
[55350 56887]
[55397 56887]
[55547 56887]
[55646 56887]
[55654 56989]
[55705 56989]
[55940 56989]
[56036 56989]
[56058 56989]
[56135 56989]
[56232 56989]
[56454 56989]
[56570 56989]
[56610 56989]
[56637 56989]
[56641 56989]
[56673 56989]
[56696 57173]
[56887 57280]
[56974 57435]
[56989 57533]
[57002 58141]
[57151 58284]
[57305 58459]
[57326 58503]
[57458 58529]
[57694 58575]
[57847 58702]
[57863 59148]
[57875 59522]
[57917 59656]
[58013 60011]
[58040 60011]
[58135 60011]
[58265 60011]
[58273 60046]
[58361 60156]
[58567 60175]
[58650 60197]
[58710 60266]
[58998 60348]
[59007 60502]
[59290 60660]
[59318 60828]
[59373 60828]
[59499 60828]
[59655 60828]
[59759 60828]
[59782 60828]
[59796 60828]
[60011 60828]
[60249 60828]
[60290 60828]
[60339 60828]
[60355 60828]
[60618 60828]
[60828 60828]
[60863 60828]
[60973 60837]
[61026 60881]
[61220 61026]
[61263 61026]
[61272 61026]
[61367 61026]
[61506 61026]
[61621 61026]
[61748 61026]
[61760 61026]
[61763 61026]
[61782 61026]
[61862 61073]
[62018 61125]
[62064 61414]
[62076 61445]
[62079 61459]
[62267 61540]
[62326 61816]
[62422 61825]
[62435 62321]
[62485 62547]
[62747 62589]
[62825 62593]
[63028 62802]
[63133 63401]
[63368 63433]
[63645 63698]
[63686 63767]
[63694 64151]
[63702 64249]
[63707 64288]
[63788 64450]
[64042 64542]
[64112 64614]
[64134 64750]
[64174 64750]
[64205 64750]
[64217 64750]
[64240 64750]
[64277 64750]
[64319 65233]
[64355 65370]
[64364 65483]
[64430 66112]
[64530 66225]
[64604 66225]
[64750 66225]
[64841 66225]
[64972 66225]
[65014 66225]
[65097 66225]
[65123 66225]
[65299 66225]
[65440 66225]
[65539 66225]
[65544 66225]
[65683 66225]
[65862 66225]
[66050 66601]
[66195 66811]
[66202 67308]
[66225 67461]
[66231 67461]
[66357 67461]
[66493 67461]
[66586 67547]
[66603 67616]
[66822 67759]
[66879 67881]
[66923 68095]
[66962 68120]
[67425 68181]
[67439 68238]
[67444 68512]
[67461 68560]
[67502 68627]
[67630 68711]
[67655 68850]
[67733 69073]
[68214 69218]
[68258 69643]
[68320 69643]
[68367 69643]
[68472 69643]
[68516 69643]
[68568 69643]
[68594 69643]
[68597 69643]
[68765 69643]
[68842 69643]
[68989 69643]
[69007 69643]
[69072 69643]
[69106 69643]
[69130 69643]
[69368 69643]
[69424 69643]
[69462 69643]
[69492 69725]
[69587 69816]
[69643 69960]
[69730 70128]
[69743 70198]
[69808 70208]
[69872 70212]
[69953 70450]
[70010 70454]
[70015 70524]
[70055 70524]
[70373 70524]
[70524 70524]
[70646 70524]
[70657 70524]
[70681 70524]
[70765 70524]
[70769 70524]
[70841 70524]
[70928 70524]
[70941 70524]
[70976 70524]
[71002 70524]
[71202 70524]
[71278 70524]
[71293 70524]
[71505 71006]
[71572 71242]
[71703 71579]
[71793 71703]
[71841 71703]
[71925 71703]
[71983 71703]
[72128 71703]
[72144 71703]
[72353 71703]
[72456 71703]
[72521 71703]
[72526 71703]
[72704 71703]
[72748 71703]
[72766 71732]
[72811 71781]
[73098 71817]
[73110 72083]
[73305 72209]
[73356 72523]
[73378 72564]
[73451 72826]
[73519 73110]
[73545 73110]
[73851 73110]
[73946 73110]
[73970 73110]
[73974 73110]
[74065 73110]
[74107 73110]
[74205 73110]
[74230 73110]
[74244 73110]
[74616 73110]
[74818 73110]
[74837 73110]
[74920 73110]
[74941 73110]
[74989 73110]
[75118 73110]
[75146 73110]
[75319 73300]
[75378 73725]
[75463 73769]
[75472 73828]
[75567 73875]
[75624 74087]
[75669 74189]
[75734 74349]
[75736 74542]
[75753 74582]
[75872 74599]
[75902 75027]
[76014 75116]
[76018 75451]
[76104 75582]
[76181 75614]
[76454 75946]
[76553 76150]
[76592 76350]
[76631 76601]
[76856 76615]
[76876 76926]
[76974 77175]
[77045 77208]
[77170 77208]
[77208 77208]
[77236 77208]
[77263 77208]
[77450 77208]
[77459 77208]
[77534 77208]
[77575 77208]
[77678 77208]
[77764 77208]
[78009 77208]
[78052 77208]
[78079 77208]
[78103 77208]
[78235 77208]
[78327 77306]
[78459 77747]
[78549 77764]
[78554 77764]
[78556 77764]
[78649 77764]
[78821 78140]
[78922 78256]
[79030 78550]
[79062 78773]
[79273 78991]
[79303 79181]
[79316 79357]
[79348 79424]
[79549 79547]
[79552 79601]
[79606 79732]
[79879 79801]
[79918 79881]
[80055 79886]
[80148 80022]
[80218 80223]
[80399 80253]
[80621 80319]
[80765 80421]
[80804 80554]
[80901 81201]
[81029 81326]
[81075 81759]
[81139 82280]
[81173 82335]
[81304 82606]
[81307 83184]
[81369 83233]
[81424 83300]
[81471 83300]
[81528 83439]
[81981 83586]
[82071 83622]
[82176 83790]
[82425 83862]
[82472 83906]
[82497 84011]
[82514 84043]
[82730 84165]
[82786 84335]
[82942 84449]
[83191 84992]
[83293 85009]
[83300 85050]
[83339 85068]
[83348 85091]
[83412 85225]
[83521 85298]
[83590 85340]
[83595 85389]
[83650 85849]
[83768 86047]
[83878 86047]
[83944 86047]
[83992 86047]
[84009 86047]
[84014 86047]
[84095 86047]
[84099 86047]
[84115 86047]
[84135 86047]
[84145 86047]
[84189 86047]
[84267 86047]
[84268 86047]
[84500 86047]
[84581 86047]
[84649 86047]
[84671 86047]
[85186 86047]
[85263 86047]
[85468 86091]
[85513 86202]
[85574 86242]
[85629 86336]
[85674 86614]
[85693 86916]
[85712 87090]
[85767 87173]
[85778 87182]
[85832 87214]
[85852 87632]
[85866 87711]
[86018 87775]
[86047 87778]
[86063 88036]
[86072 88081]
[86125 88682]
[86183 88742]
[86479 88828]
[86495 88828]
[86550 88828]
[86551 88828]
[86619 88828]
[86674 88828]
[86722 88828]
[86833 88828]
[86846 88828]
[86875 88828]
[87033 88828]
[87096 88911]
[87183 88957]
[87202 88962]
[87220 88962]
[87231 88962]
[87291 88962]
[87338 88962]
[87423 88962]
[87459 88962]
[87533 89012]
[87649 89159]
[87883 89240]
[87971 89397]
[88153 89397]
[88164 89397]
[88199 89397]
[88225 89397]
[88239 89397]
[88241 89397]
[88258 89397]
[88415 89397]
[88483 89397]
[88638 89410]
[88648 89574]
[88728 89669]
[88748 90133]
[88828 90635]
[88962 90769]
[89243 90805]
[89295 90823]
[89362 90973]
[89373 90996]
[89397 91005]
[89441 91207]
[89637 91460]
[89794 91506]
[89828 91528]
[89829 91586]
[89970 91726]
[90035 92018]
[90053 92048]
[90877 92228]
[90911 92493]
[90921 92663]
[90933 92819]
[90981 92819]
[91175 93240]
[91367 93513]
[91565 93567]
[91604 93577]
[91642 93577]
[91658 93577]
[91832 93577]
[91924 93577]
[92009 93577]
[92302 93577]
[92329 93577]
[92336 93577]
[92358 93577]
[92431 93577]
[92713 93577]
[92819 93577]
[92866 93644]
[92973 93720]
[93244 94388]
[93433 94839]
[93436 95014]
[93484 95096]
[93577 95305]
[93592 95558]
[93772 95582]
[93774 95918]
[93994 95967]
[94034 96540]
[94100 96639]
[94168 96655]
[94253 96726]
[94256 96727]
[94279 96728]
[94380 96902]
[94541 97182]
[94682 97497]
[94751 97497]
[94817 97497]
[94868 97497]
[95068 97497]
[95074 97497]
[95114 97497]
[95206 97497]
[95233 97497]
[95376 97497]
[95482 97497]
[95610 97497]
[95683 97497]
[95808 97497]
[95921 97497]
[96083 97497]
[96181 97497]
[96584 97722]
[96628 98150]
[96729 98232]
[96807 98523]
[96875 98629]
[96959 98629]
[97103 98629]
[97188 98629]
[97248 98629]
[97472 98629]
[97497 98629]
[97628 98629]
[97641 98629]
[97657 98629]
[97784 98690]
[97976 98690]
[98130 98690]
[98134 98690]
[98203 98690]
[98313 98690]
[98332 98690]
[98464 98690]
[98629 98690]
[98631 98690]
[98673 98690]
[98690 98690]
[98696 98690]
[99044 98690]
[99085 98690]
[99204 98690]
[99363 98815]
[99438 98990]
[99478 99096]
[99569 99220]
[99638 99255]
[99792 99259]
[99918 99355]
[99919 99415]
[99976 99456]